set ytics ('0' 0, '0.2' 1, '0.4' 2, '0.6' 3, '0.8' 4, '1' 5, '1.2' 6)
set pm3d ;
#set pm3d map;
 set key off;
           set term postscript color;
	   set xlabel 'percent acting'; set ylabel 'value of emulation (n)';
		set out 'plot.eps';
		set palette gray;
		set xtics ('0' 0,'0.25'  250,'0.5'  500,'0.75'  750, '1' 999); 
		unset colorbox 
            splot '-' matrix with pm3d
    0	    0	    0	    0	    0	    0	    0	    0	    0	    0	    0	    0	    0	    0	    0	    0	    0	    0	    0	    0	    0	    0	    0	    1	    0	    1	    1	    0	    0	    3	    0	    1	    1	    1	    1	    1	    0	    1	    0	    0	    0	    0	    0	    1	    0	    0	    1	    1	    1	    1	    1	    1	    2	    2	    1	    1	    1	    1	    1	    2	    2	    1	    0	    0	    0	    3	    5	    1	    0	    3	    1	    3	    2	    1	    5	    3	    2	    2	    1	    3	    6	    1	    2	    2	    5	    3	    4	    6	    4	    4	    5	    3	    2	    3	    5	    5	    3	    6	    4	    3	    0	    4	    4	    3	    4	    5	    4	    6	    6	    5	    5	    6	    8	   11	    3	    6	    8	    8	    2	   10	    5	    8	    9	    7	    8	    6	    7	    4	    7	   10	    8	   10	   10	    6	    4	    9	    7	    6	    7	   14	    8	   13	    9	   10	   10	   12	   14	   14	   12	    8	   13	   10	   15	   10	   18	   17	   11	   12	    9	   10	   14	   12	    9	   16	   13	   13	   14	   14	   14	   10	   14	   17	   15	   23	   20	   19	   15	   14	   12	   19	   16	   11	   14	   12	   19	   16	   24	   16	   19	   21	   16	   21	   22	   13	   15	   18	   18	   15	   19	   21	   21	   16	   13	   22	   10	   20	   20	   17	   16	   23	   23	   20	   27	   20	   21	   23	   16	   31	   19	   29	   17	   23	   26	   22	   27	   20	   22	   26	   21	   20	   24	   30	   19	   12	   40	   19	   23	   24	   30	   16	   20	   23	   24	   27	   25	   19	   25	   25	   30	   17	   23	   27	   26	   34	   33	   29	   32	   32	   23	   25	   26	   30	   28	   25	   34	   32	   28	   31	   33	   42	   23	   31	   16	   32	   24	   24	   38	   30	   40	   30	   40	   29	   32	   26	   40	   33	   45	   41	   36	   31	   31	   32	   38	   34	   33	   37	   46	   39	   27	   37	   32	   37	   44	   39	   29	   28	   36	   22	   39	   38	   35	   33	   39	   46	   42	   40	   31	   37	   33	   29	   44	   42	   45	   39	   30	   39	   41	   46	   48	   51	   35	   40	   47	   31	   48	   33	   46	   46	   40	   39	   40	   50	   37	   46	   42	   43	   36	   46	   62	   38	   28	   57	   48	   38	   38	   35	   46	   47	   45	   44	   47	   42	   47	   43	   44	   47	   43	   60	   46	   53	   47	   41	   48	   51	   43	   49	   50	   37	   35	   55	   32	   39	   43	   46	   48	   44	   51	   42	   57	   63	   48	   57	   53	   56	   53	   45	   42	   55	   45	   41	   58	   42	   51	   54	   49	   41	   50	   50	   46	   55	   53	   63	   50	   53	   53	   65	   56	   61	   60	   37	   48	   56	   48	   47	   51	   57	   41	   52	   41	   46	   50	   55	   49	   55	   60	   58	   36	   57	   64	   50	   60	   56	   47	   52	   37	   36	   51	   65	   56	   42	   47	   57	   51	   72	   41	   49	   59	   54	   63	   46	   63	   42	   45	   61	   49	   47	   46	   65	   54	   46	   75	   54	   56	   39	   63	   48	   51	   49	   46	   60	   50	   65	   70	   60	   48	   40	   57	   56	   53	   42	   50	   53	   60	   57	   52	   45	   50	   61	   56	   57	   38	   57	   46	   47	   44	   53	   48	   58	   48	   61	   56	   45	   56	   54	   55	   51	   51	   50	   58	   50	   54	   46	   57	   54	   53	   60	   47	   50	   61	   57	   62	   60	   49	   65	   46	   68	   50	   47	   59	   62	   59	   48	   56	   57	   49	   51	   44	   64	   52	   56	   68	   46	   45	   56	   40	   57	   56	   54	   42	   50	   41	   56	   54	   50	   59	   43	   53	   57	   53	   43	   57	   57	   55	   47	   59	   42	   57	   51	   47	   60	   55	   51	   69	   50	   52	   38	   52	   48	   48	   57	   60	   58	   51	   39	   59	   49	   52	   50	   45	   57	   39	   39	   42	   35	   53	   53	   41	   49	   40	   49	   52	   41	   46	   56	   41	   58	   62	   51	   47	   48	   54	   54	   47	   56	   54	   55	   49	   38	   50	   48	   53	   34	   43	   47	   37	   35	   38	   52	   53	   36	   49	   41	   36	   49	   53	   45	   41	   38	   33	   37	   51	   44	   40	   36	   40	   41	   41	   48	   45	   45	   48	   43	   46	   42	   46	   38	   36	   49	   32	   38	   37	   44	   35	   37	   47	   37	   34	   37	   45	   34	   31	   43	   23	   34	   41	   28	   27	   34	   47	   52	   33	   33	   38	   41	   24	   30	   34	   30	   35	   35	   28	   44	   26	   37	   45	   31	   38	   37	   27	   36	   37	   42	   41	   32	   49	   30	   24	   43	   22	   31	   24	   30	   30	   40	   32	   41	   36	   33	   33	   39	   28	   40	   46	   29	   27	   36	   30	   21	   25	   26	   25	   30	   29	   28	   27	   23	   31	   26	   30	   21	   34	   21	   35	   24	   25	   28	   24	   27	   30	   22	   22	   35	   30	   31	   24	   28	   25	   25	   25	   24	   20	   20	   25	   17	   27	   25	   28	   33	   16	   23	   17	   20	   20	   20	   22	   31	   21	   21	   22	   18	   20	   21	   14	   15	   24	   15	    8	   20	   23	   16	   13	   16	   19	   22	   15	   23	   13	   19	   13	   17	   20	   11	   21	   10	   19	   14	   20	   11	    7	   15	   15	   15	   17	   12	    9	    9	   15	   15	   19	   12	   17	   15	   15	   10	   15	   16	   16	   12	   13	   11	   13	   16	    9	    7	   12	   13	   11	   11	    7	    7	   11	   17	    5	    9	    9	    3	   10	   20	    8	    9	   10	   11	    9	   10	    4	    7	    9	   13	    8	    6	   10	    7	    4	    5	    6	   10	   10	    7	    9	    8	    9	    7	    6	    8	    4	    7	    5	    7	    3	    4	    7	    3	    5	    2	    3	    7	    4	    2	    5	    3	    4	    3	    2	    5	    5	    4	    5	    3	    3	    3	    4	    2	    4	    2	    3	    4	    3	    3	    5	    4	    2	    0	    4	    5	    3	   11	    3	    3	    0	    2	    2	    3	    1	    0	    2	    0	    2	    1	    1	    2	    2	    0	    3	    2	    0	    0	    1	    1	    1	    2	    1	    1	    1	    3	    2	    2	    0	    2	    2	    0	    0	    0	    1	    2	    0	    0	    0	    0	    0	    0	    0	    0	    0	    0	    0	    0	    1	    0	    1	    0	    0	    0	    0	    0	    0	    0	    0	    0	    0	    1	    0	    0	    0	    0	    0	    0	    0	    0	    0	    0
    0	    0	    0	    0	    0	    0	    0	    0	    0	    0	    0	    0	    0	    0	    0	    0	    0	    0	    0	    0	    0	    0	    0	    3	    1	    0	    0	    1	    1	    1	    2	    1	    2	    1	    1	    4	    0	    2	    1	    3	    3	    2	    3	    3	    3	    1	    0	    3	    3	    6	    4	    5	    2	    2	    5	    4	    1	    2	    5	    5	    1	    3	    3	    5	    2	    6	    3	    4	    6	    6	    7	    2	    4	   11	    3	    7	    9	    5	    8	    4	    5	    4	    6	    8	    8	    5	    5	    9	    7	   10	    7	    7	    8	    7	    8	    6	   13	   11	   11	   15	    9	    8	    8	   13	    6	   19	    8	   11	    6	    9	   10	   14	   12	   15	   13	    8	    9	   13	   11	   13	   13	   10	   18	   16	   12	   14	   12	   11	   14	   12	   11	   17	   14	   13	   13	   19	   13	   15	   11	   11	   17	   19	   15	   17	   16	   20	   11	   15	   11	   20	   13	   11	   16	   14	   23	   20	   18	   21	   16	   22	   24	   24	   25	   13	   25	   26	   18	   20	   21	   19	   28	   24	   19	   24	   15	   17	   22	   19	   22	   24	   25	   26	   23	   26	   27	   22	   25	    9	   19	   24	   28	   26	   18	   18	   24	   25	   18	   32	   26	   20	   26	   25	   25	   26	   26	   26	   31	   31	   26	   25	   26	   32	   26	   23	   24	   17	   22	   24	   30	   33	   28	   29	   25	   29	   28	   28	   28	   26	   33	   30	   32	   29	   30	   25	   26	   25	   25	   30	   25	   36	   26	   23	   31	   40	   31	   31	   25	   30	   27	   35	   31	   37	   33	   39	   35	   44	   37	   26	   32	   30	   37	   30	   31	   30	   33	   29	   37	   28	   40	   38	   37	   39	   31	   28	   26	   23	   33	   26	   40	   38	   36	   37	   37	   34	   34	   36	   48	   29	   24	   42	   37	   34	   37	   41	   31	   29	   32	   31	   37	   27	   46	   35	   40	   43	   29	   37	   37	   47	   31	   42	   34	   41	   35	   41	   35	   48	   43	   29	   40	   32	   41	   32	   45	   28	   33	   49	   36	   37	   31	   50	   42	   43	   32	   38	   34	   38	   35	   38	   40	   33	   30	   35	   36	   44	   53	   40	   44	   36	   36	   39	   42	   33	   35	   28	   44	   24	   39	   48	   43	   45	   41	   37	   38	   35	   25	   48	   40	   46	   56	   44	   42	   34	   45	   41	   35	   27	   44	   45	   39	   52	   40	   39	   43	   47	   31	   54	   50	   33	   50	   37	   32	   36	   45	   45	   52	   51	   45	   35	   51	   45	   49	   48	   47	   40	   42	   49	   50	   46	   43	   53	   41	   55	   42	   50	   36	   38	   43	   49	   47	   44	   43	   32	   36	   53	   35	   42	   40	   48	   57	   47	   36	   46	   43	   43	   42	   54	   42	   37	   37	   31	   38	   55	   45	   46	   45	   35	   53	   50	   39	   35	   36	   47	   54	   39	   37	   39	   50	   54	   44	   48	   44	   48	   38	   58	   31	   55	   50	   53	   59	   47	   48	   49	   36	   36	   58	   38	   42	   47	   41	   54	   35	   41	   50	   55	   53	   53	   52	   49	   44	   37	   53	   40	   41	   49	   50	   59	   47	   48	   43	   42	   49	   36	   46	   44	   46	   34	   47	   35	   43	   50	   46	   52	   44	   38	   41	   38	   41	   43	   34	   39	   41	   50	   45	   41	   50	   47	   33	   56	   54	   39	   37	   51	   51	   44	   46	   42	   46	   32	   46	   42	   48	   40	   39	   43	   53	   44	   47	   49	   43	   48	   53	   59	   53	   39	   36	   40	   41	   36	   47	   46	   27	   34	   43	   44	   48	   41	   54	   50	   35	   45	   48	   46	   48	   43	   40	   42	   27	   36	   47	   44	   41	   42	   35	   47	   40	   39	   40	   40	   58	   40	   49	   52	   46	   31	   36	   43	   42	   42	   40	   47	   37	   52	   43	   38	   42	   43	   48	   41	   44	   35	   30	   39	   46	   40	   43	   34	   40	   39	   45	   37	   39	   32	   55	   56	   36	   49	   39	   48	   44	   39	   49	   41	   32	   33	   34	   37	   38	   35	   37	   33	   49	   46	   38	   39	   43	   48	   40	   38	   30	   36	   62	   50	   35	   44	   42	   40	   39	   42	   51	   38	   32	   41	   28	   24	   40	   41	   32	   45	   45	   35	   39	   49	   42	   37	   53	   32	   46	   44	   35	   39	   45	   26	   34	   43	   26	   40	   28	   44	   38	   35	   30	   36	   35	   51	   39	   34	   44	   41	   38	   36	   38	   37	   29	   40	   32	   31	   36	   34	   38	   30	   35	   38	   33	   42	   35	   35	   40	   43	   33	   39	   37	   31	   36	   27	   31	   29	   27	   38	   28	   34	   42	   22	   21	   36	   35	   34	   41	   27	   33	   36	   35	   26	   28	   40	   34	   28	   25	   27	   28	   35	   37	   31	   25	   34	   30	   32	   35	   29	   39	   31	   27	   29	   34	   28	   33	   24	   21	   23	   30	   28	   25	   28	   23	   24	   22	   26	   29	   34	   26	   24	   24	   38	   19	   25	   34	   22	   33	   27	   24	   25	   22	   25	   28	   20	   20	   27	   31	   26	   24	   15	   33	   22	   29	   28	   25	   22	   17	   27	   21	   18	   22	   23	   20	   21	   26	   24	   23	   23	   31	   22	   23	   11	   17	   20	   21	   18	   17	   19	   13	   20	   18	   16	   18	   18	   23	   19	   18	   16	   19	   21	   19	   18	   13	   20	   27	   25	   13	   19	   15	   23	   18	   17	   15	   22	    6	   15	   14	   10	   21	   17	   14	   21	   18	    9	   11	   21	   14	   18	   12	   13	   17	   12	   11	   13	   17	    9	    9	   10	    7	   12	   16	   13	   14	   18	    9	   10	    9	   10	    9	   13	    6	   16	   12	   16	   10	   15	    6	    8	   14	   10	   11	   17	    9	   11	    9	    2	    4	    3	    5	    6	    6	    5	    6	    6	    7	    7	    5	    5	    7	    6	    5	    6	    2	    7	    7	    8	    8	    6	    5	    3	    5	    3	    6	    6	    5	    4	    6	    5	    1	    4	    5	    3	    7	    2	    6	    6	    2	    3	    1	    4	    2	    3	    1	    3	    5	    5	    1	    0	    1	    0	    0	    2	    0	    3	    0	    0	    0	    1	    1	    2	    0	    0	    1	    1	    0	    4	    0	    0	    0	    0	    2	    0	    1	    0	    0	    1	    0	    1	    0	    0	    0	    0	    0	    0	    0	    0	    0	    0	    0	    0
    0	    0	    0	    0	    0	    0	    0	    0	    1	    0	    0	    1	    1	    3	    0	    0	    3	    0	    3	    1	    2	    2	    3	    5	    1	    2	    4	    2	    4	    3	    5	    2	    4	    8	    5	    2	    7	    6	    3	    4	    3	    9	    7	    5	    5	    9	    3	    1	    8	    7	    3	    5	    5	    6	    6	   10	   10	   13	    8	    9	    8	   10	   12	   13	   15	    8	   12	   10	   10	   10	   11	    7	   13	   15	   14	   10	    7	   14	   13	   13	   11	    9	   12	   11	   10	   14	   17	   12	   15	   11	   19	   15	    6	   16	   11	   18	   14	   10	   18	   16	   27	   21	   15	   14	   16	   16	   20	   24	   15	   18	   22	   27	   18	   23	   19	   23	   25	   20	   21	   36	   15	   25	   29	   17	   16	   14	   30	   25	   24	   25	   23	   18	   33	   15	   18	   29	   20	   23	   14	   22	   27	   30	   32	   23	   27	   21	   22	   17	   19	   25	   29	   16	   28	   19	   25	   12	   28	   27	   24	   31	   19	   23	   28	   23	   23	   25	   15	   28	   29	   34	   30	   26	   22	   29	   22	   26	   27	   37	   18	   25	   36	   24	   31	   16	   23	   23	   19	   26	   35	   31	   22	   32	   28	   31	   36	   23	   19	   37	   29	   27	   30	   32	   24	   23	   19	   30	   25	   31	   28	   21	   34	   26	   42	   27	   24	   27	   14	   28	   30	   29	   32	   23	   30	   23	   27	   26	   36	   40	   32	   36	   41	   32	   34	   25	   35	   20	   29	   33	   31	   37	   32	   25	   29	   35	   30	   28	   34	   32	   30	   24	   37	   25	   35	   28	   34	   38	   37	   31	   27	   29	   40	   24	   44	   37	   36	   34	   25	   36	   34	   34	   36	   38	   31	   28	   37	   36	   40	   36	   46	   41	   46	   33	   29	   38	   36	   33	   34	   39	   38	   42	   28	   34	   30	   29	   38	   40	   22	   23	   33	   32	   22	   42	   38	   37	   28	   38	   28	   41	   40	   28	   32	   47	   37	   41	   36	   47	   37	   29	   35	   46	   42	   39	   42	   40	   30	   34	   33	   35	   35	   37	   29	   42	   22	   36	   32	   37	   29	   46	   19	   32	   46	   34	   36	   33	   32	   33	   29	   28	   35	   43	   35	   32	   31	   34	   31	   34	   35	   28	   37	   29	   36	   40	   31	   24	   38	   38	   41	   32	   39	   32	   24	   30	   45	   41	   42	   41	   26	   38	   33	   30	   42	   39	   33	   41	   31	   30	   40	   38	   38	   40	   41	   35	   28	   39	   47	   28	   32	   29	   32	   39	   29	   41	   43	   39	   35	   45	   25	   44	   33	   37	   52	   41	   28	   27	   33	   37	   47	   35	   35	   24	   30	   36	   48	   27	   41	   36	   31	   31	   31	   41	   35	   41	   40	   35	   38	   50	   40	   38	   44	   48	   37	   35	   36	   48	   32	   32	   35	   45	   43	   53	   45	   31	   39	   38	   40	   36	   42	   37	   36	   33	   42	   44	   40	   38	   30	   33	   36	   32	   29	   37	   38	   28	   37	   43	   35	   43	   32	   27	   54	   36	   46	   40	   35	   41	   33	   39	   36	   28	   40	   38	   43	   36	   36	   38	   37	   31	   44	   40	   49	   28	   33	   32	   40	   31	   56	   42	   44	   39	   36	   32	   34	   39	   32	   45	   23	   35	   46	   50	   35	   28	   47	   42	   26	   29	   42	   39	   41	   39	   39	   38	   37	   35	   28	   35	   48	   33	   39	   30	   51	   36	   36	   28	   33	   41	   36	   47	   28	   39	   33	   45	   39	   46	   43	   37	   48	   39	   36	   35	   28	   35	   27	   32	   42	   37	   41	   41	   28	   48	   50	   36	   31	   29	   44	   27	   40	   33	   32	   27	   36	   27	   27	   35	   32	   35	   43	   40	   30	   40	   34	   40	   30	   32	   29	   39	   33	   44	   40	   39	   43	   39	   30	   37	   45	   33	   37	   37	   43	   34	   28	   48	   29	   31	   35	   35	   30	   41	   31	   30	   27	   49	   34	   39	   28	   28	   38	   40	   37	   30	   50	   37	   36	   31	   31	   39	   31	   40	   34	   37	   40	   33	   34	   28	   37	   28	   33	   34	   33	   42	   50	   32	   31	   42	   31	   36	   35	   30	   38	   33	   30	   46	   34	   30	   35	   29	   43	   37	   35	   33	   41	   39	   26	   34	   45	   39	   29	   36	   26	   32	   30	   38	   20	   31	   49	   33	   33	   34	   34	   39	   26	   32	   33	   32	   37	   30	   29	   44	   32	   28	   34	   25	   31	   31	   23	   36	   33	   38	   27	   35	   41	   33	   39	   38	   37	   38	   33	   24	   41	   24	   32	   30	   34	   31	   31	   37	   29	   31	   34	   35	   35	   30	   31	   37	   44	   22	   32	   33	   35	   36	   34	   30	   37	   27	   39	   27	   31	   40	   35	   37	   28	   32	   30	   25	   34	   36	   40	   28	   33	   31	   31	   30	   36	   40	   28	   28	   39	   27	   30	   31	   32	   31	   36	   22	   39	   27	   34	   27	   30	   28	   31	   36	   20	   34	   18	   22	   22	   32	   37	   37	   32	   33	   30	   26	   30	   31	   26	   35	   20	   37	   29	   30	   22	   24	   31	   32	   31	   34	   19	   35	   23	   37	   24	   36	   25	   23	   25	   21	   36	   31	   25	   26	   28	   24	   26	   19	   23	   22	   27	   34	   31	   32	   29	   21	   30	   26	   30	   23	   25	   27	   23	   19	   25	   22	   36	   27	   22	   24	   18	   22	   26	   22	   24	   23	   26	   25	   22	   27	   24	   27	   19	   32	   15	   27	   30	   15	   19	   21	   23	   20	   20	   25	   23	   21	   16	   25	   17	   24	   20	   31	   29	   18	   24	   18	   25	   15	   15	   23	   13	   21	   17	   21	   14	   21	   22	   11	   17	   17	   16	   25	   17	   10	   20	   16	   17	   17	   16	   18	   14	   17	   20	   14	   14	    9	   15	   18	    8	   13	   17	   16	   10	    8	   15	   13	   16	   10	   15	    8	   14	    9	    6	   12	    6	   11	   12	   11	    7	   10	   12	   10	    9	   12	    8	   10	   15	    7	   11	    7	    5	    6	    8	    4	    4	    5	    7	    8	    8	    7	    8	    1	    7	    8	    4	    4	    4	    1	    4	    4	    4	    4	    4	    2	    4	    2	    3	    1	    3	    1	    1	    1	    2	    2	    1	    1	    2	    2	    0	    0	    1	    0	    0	    1	    0	    0	    0	    0	    1	    0	    0	    0	    0	    0
    0	    0	    0	    1	    0	    1	    0	    1	    1	    2	    0	    6	    0	    7	    1	    4	   10	    5	    3	    8	    5	    5	    7	    4	   13	    8	   10	   11	    5	    7	    9	    8	   13	   19	    8	   10	   15	   13	   12	    7	   13	   11	   17	   15	   18	   12	   11	    9	   20	   17	   15	   24	   21	   19	   17	   14	   18	   15	   29	   20	   16	   17	   16	   12	   21	   29	   18	   24	   19	   23	   17	   19	   23	   24	   30	   23	   20	   22	   27	   27	   20	   16	   25	   29	   33	   34	   24	   35	   26	   32	   25	   23	   30	   29	   27	   24	   31	   28	   33	   21	   21	   38	   28	   25	   25	   28	   27	   25	   26	   36	   24	   29	   23	   27	   24	   29	   27	   26	   31	   32	   33	   37	   33	   28	   32	   24	   27	   37	   33	   32	   32	   39	   33	   34	   28	   30	   38	   39	   28	   31	   33	   30	   32	   22	   25	   29	   27	   29	   34	   31	   27	   24	   38	   29	   25	   38	   34	   40	   36	   32	   32	   37	   31	   31	   33	   18	   42	   42	   24	   31	   29	   41	   35	   38	   28	   34	   33	   35	   33	   30	   23	   30	   29	   29	   37	   41	   40	   48	   21	   40	   29	   40	   41	   30	   25	   36	   32	   31	   31	   37	   23	   33	   28	   28	   45	   39	   33	   34	   38	   33	   33	   37	   30	   33	   36	   32	   31	   29	   28	   34	   35	   40	   28	   28	   24	   23	   39	   25	   33	   25	   32	   30	   27	   36	   23	   35	   39	   38	   26	   34	   38	   35	   27	   41	   35	   37	   43	   34	   32	   34	   26	   30	   27	   18	   25	   33	   29	   41	   32	   26	   39	   27	   24	   28	   32	   33	   32	   30	   23	   23	   30	   35	   22	   19	   30	   28	   29	   37	   31	   40	   37	   29	   33	   33	   27	   34	   33	   30	   32	   39	   25	   32	   26	   33	   27	   26	   41	   32	   35	   23	   27	   42	   34	   31	   28	   41	   30	   22	   38	   22	   29	   29	   22	   19	   34	   29	   32	   34	   30	   34	   31	   26	   25	   30	   32	   30	   37	   29	   23	   26	   37	   31	   35	   30	   32	   26	   30	   27	   25	   33	   43	   23	   33	   29	   34	   33	   24	   31	   35	   28	   22	   31	   26	   24	   34	   23	   42	   27	   22	   37	   32	   28	   23	   28	   25	   27	   22	   28	   23	   31	   38	   29	   33	   31	   31	   25	   28	   31	   22	   32	   25	   31	   26	   25	   17	   28	   26	   31	   25	   20	   37	   31	   30	   38	   25	   33	   24	   24	   24	   34	   24	   28	   28	   27	   30	   23	   28	   33	   34	   25	   31	   22	   21	   33	   21	   30	   37	   32	   25	   33	   23	   37	   22	   39	   32	   36	   26	   27	   29	   27	   28	   24	   25	   18	   25	   31	   28	   34	   28	   21	   27	   32	   27	   25	   26	   27	   29	   26	   27	   25	   27	   17	   36	   27	   24	   26	   24	   22	   27	   31	   27	   36	   16	   22	   35	   32	   26	   21	   33	   32	   26	   26	   29	   29	   27	   36	   34	   24	   31	   30	   18	   20	   30	   30	   28	   36	   26	   21	   25	   23	   37	   33	   27	   26	   25	   16	   31	   18	   26	   31	   30	   25	   21	   20	   29	   26	   42	   31	   17	   24	   33	   25	   33	   21	   29	   30	   24	   30	   33	   34	   33	   35	   30	   38	   20	   33	   30	   27	   34	   26	   33	   33	   18	   25	   26	   27	   26	   26	   33	   27	   24	   30	   36	   32	   21	   32	   32	   19	   34	   24	   26	   38	   28	   31	   24	   30	   28	   31	   21	   42	   29	   29	   28	   24	   41	   35	   25	   26	   39	   33	   36	   42	   21	   27	   36	   28	   28	   27	   29	   35	   27	   22	   26	   43	   34	   21	   30	   28	   29	   18	   31	   25	   33	   31	   29	   27	   27	   26	   39	   25	   19	   33	   25	   31	   25	   23	   29	   33	   24	   30	   27	   27	   25	   26	   38	   24	   35	   32	   34	   27	   17	   33	   36	   27	   28	   29	   22	   38	   18	   35	   29	   25	   37	   27	   31	   31	   30	   27	   24	   28	   38	   29	   28	   31	   26	   31	   31	   27	   22	   32	   30	   39	   29	   19	   27	   35	   22	   42	   31	   33	   28	   23	   33	   31	   36	   40	   22	   33	   25	   30	   30	   28	   20	   41	   27	   32	   28	   36	   40	   28	   28	   27	   33	   30	   39	   31	   36	   34	   32	   24	   36	   24	   32	   32	   31	   39	   26	   37	   29	   39	   35	   41	   25	   27	   30	   26	   35	   25	   35	   37	   27	   29	   36	   26	   34	   31	   39	   35	   37	   32	   29	   34	   26	   22	   27	   32	   28	   36	   28	   20	   35	   22	   30	   36	   32	   28	   26	   26	   34	   27	   34	   34	   36	   32	   31	   26	   39	   22	   29	   32	   35	   29	   31	   34	   32	   35	   42	   32	   34	   33	   30	   24	   28	   33	   32	   38	   40	   36	   23	   31	   35	   28	   21	   25	   30	   43	   28	   36	   31	   32	   32	   31	   28	   35	   32	   23	   27	   35	   28	   38	   24	   34	   32	   31	   31	   29	   42	   31	   21	   30	   24	   39	   33	   36	   28	   20	   33	   30	   28	   29	   34	   37	   27	   34	   33	   31	   26	   38	   32	   34	   27	   34	   39	   26	   31	   37	   39	   37	   30	   30	   33	   29	   35	   38	   30	   29	   30	   27	   34	   28	   35	   40	   26	   33	   37	   27	   24	   32	   25	   37	   34	   21	   37	   24	   26	   37	   22	   28	   32	   24	   27	   32	   31	   38	   33	   34	   32	   31	   28	   24	   30	   32	   23	   27	   30	   29	   26	   32	   20	   28	   28	   31	   25	   24	   33	   27	   26	   26	   19	   30	   33	   32	   31	   31	   33	   21	   25	   32	   26	   23	   25	   26	   30	   21	   23	   16	   21	   19	   17	   25	   31	   28	   30	   34	   23	   23	   32	   31	   24	   27	   25	   17	   20	   24	   26	   28	   25	   25	   22	   21	   20	   25	   20	   18	   12	    9	   17	   22	   32	   20	   19	   29	   13	   16	   15	   15	   24	   17	   16	   15	   14	   17	   16	   12	   18	   20	   15	   30	   10	   12	    7	   11	   17	    6	    6	    9	    7	    9	   12	    9	    7	    8	    5	    9	    5	    7	    6	    7	    5	    7	    1	    4	    5	    1	    6	    4	    4	    3	    1	    2	    0	    3	    1	    0	    0	    0	    0	    0	    0	    0
    0	    0	    2	    1	    4	    6	    7	   10	    7	    6	    9	    9	    5	    8	   12	   11	    9	   11	   13	   16	   11	   21	   20	   14	   18	   26	   15	   24	   31	   20	   19	   29	   17	   29	   30	   29	   20	   21	   27	   15	   20	   20	   32	   16	   34	   23	   39	   37	   25	   35	   35	   30	   26	   34	   27	   30	   42	   25	   32	   36	   37	   31	   44	   36	   32	   30	   38	   33	   31	   42	   51	   24	   32	   31	   36	   36	   25	   36	   47	   38	   33	   41	   37	   46	   41	   39	   47	   45	   43	   37	   37	   41	   43	   40	   34	   38	   38	   32	   47	   39	   45	   32	   45	   40	   35	   31	   42	   36	   43	   37	   28	   33	   48	   40	   42	   42	   35	   41	   39	   47	   39	   42	   42	   34	   42	   50	   42	   40	   41	   40	   41	   49	   35	   28	   27	   45	   35	   48	   40	   44	   42	   32	   39	   34	   37	   25	   32	   51	   29	   42	   42	   37	   23	   44	   39	   38	   33	   30	   40	   33	   53	   32	   30	   46	   41	   39	   28	   37	   46	   41	   38	   38	   35	   22	   35	   33	   47	   29	   41	   32	   45	   29	   28	   31	   28	   40	   30	   28	   30	   36	   30	   35	   41	   36	   28	   40	   37	   24	   35	   30	   30	   29	   23	   34	   35	   33	   38	   33	   21	   23	   45	   27	   31	   41	   29	   27	   28	   32	   30	   26	   30	   39	   32	   28	   30	   37	   32	   27	   39	   29	   21	   37	   38	   24	   31	   32	   25	   20	   32	   34	   33	   29	   32	   25	   15	   20	   30	   27	   30	   34	   25	   33	   25	   35	   33	   28	   39	   30	   32	   26	   17	   26	   29	   34	   32	   33	   32	   23	   28	   23	   23	   27	   32	   34	   31	   15	   25	   25	   26	   26	   25	   29	   32	   26	   22	   26	   25	   37	   30	   25	   19	   32	   33	   20	   30	   27	   24	   30	   24	   23	   20	   23	   21	   20	   16	   23	   16	   18	   34	   19	   24	   27	   23	   32	   34	   30	   24	   32	   15	   22	   28	   21	   28	   18	   28	   22	   31	   28	   24	   15	   24	   25	   24	   18	   34	   26	   27	   26	   20	   22	   16	   23	   16	   16	   16	   23	   29	   16	   21	   18	   24	   27	   24	   23	   23	   21	   25	   20	   14	   19	   31	   19	   18	   24	   26	   22	   28	   17	   16	   18	   21	   20	   19	   20	   19	   21	   13	   19	   21	   20	   28	   25	   21	   24	   20	   15	   22	   20	   26	   22	   22	   18	   22	   25	   15	   13	   25	   26	   13	   21	   28	   21	   20	   17	   33	   18	   19	   21	   18	   14	   20	   30	   27	   22	   19	   27	   23	   22	   17	   21	   21	   24	   20	   27	   23	   24	   18	   23	   24	   28	   13	   18	   19	   17	   21	   22	   20	   13	   17	   22	   27	   23	   23	   16	   12	   20	   15	   20	   16	   10	   16	   24	   20	   19	   17	   19	   23	   16	   14	   15	   20	   30	   19	   17	   17	   28	   28	   26	   20	   11	   22	   13	   14	   14	   22	   16	   16	   23	   20	   15	   13	   18	   22	   24	   12	   24	   26	   17	   21	   15	   20	   21	    9	   25	   18	   22	   21	   14	   17	   19	   15	   22	   15	   19	   24	   21	   17	   16	   14	   13	   22	   19	   18	   21	   28	   14	   25	   19	   20	   20	   13	   21	   19	   20	   18	   17	   20	   17	   17	   18	   11	   19	   22	   18	   17	   18	   12	   25	   16	   15	   20	   14	   17	   20	   18	   17	   22	   24	   20	   23	   19	   17	   22	   22	   19	   21	   14	   17	   15	   14	   20	   28	   29	   20	   18	   21	   12	   19	   15	   24	   17	   23	   15	   20	   28	   30	   21	   13	   21	   32	   28	   15	   20	   15	   19	   21	   20	   21	   15	   21	   18	   21	   22	   21	   21	   29	   21	   19	   22	   13	   27	   25	   27	   23	   19	   14	   26	   27	   13	    8	   25	   15	   29	   23	   20	   16	   20	   18	   19	   21	   23	   23	   29	   18	   29	   24	   23	   14	   25	   11	   17	   31	   21	   18	   25	   26	   24	   28	   28	   11	   15	   27	   26	   33	   30	   22	   25	   22	   17	   13	   22	   18	   17	   24	   17	   33	   14	   30	   30	   19	   25	   34	   21	   19	   24	   23	   19	   21	   24	   21	   26	   21	   35	   18	   25	   26	   19	   22	   27	   27	   24	   32	   25	   28	   21	   26	   31	   22	   31	   26	   23	   22	   27	   27	   33	   19	   29	   26	   24	   18	   29	   28	   12	   27	   23	   28	   19	   29	   24	   24	   36	   24	   26	   31	   26	   28	   26	   32	   28	   21	   22	   19	   23	   31	   32	   34	   25	   19	   35	   18	   32	   23	   33	   34	   32	   24	   31	   35	   24	   19	   35	   38	   25	   21	   26	   22	   36	   30	   23	   30	   22	   25	   23	   26	   36	   36	   34	   42	   24	   27	   29	   30	   22	   36	   32	   30	   30	   37	   33	   36	   25	   30	   34	   34	   23	   33	   31	   37	   23	   31	   33	   30	   31	   28	   33	   34	   37	   26	   38	   26	   28	   28	   37	   35	   26	   28	   30	   29	   29	   26	   31	   35	   22	   35	   41	   33	   33	   35	   36	   36	   22	   31	   32	   43	   46	   37	   35	   34	   32	   22	   40	   39	   34	   28	   41	   30	   50	   35	   31	   34	   30	   42	   31	   33	   22	   39	   31	   49	   44	   33	   32	   35	   39	   34	   21	   29	   35	   50	   32	   35	   34	   38	   31	   34	   34	   38	   44	   38	   40	   31	   46	   50	   42	   26	   32	   41	   34	   34	   45	   41	   41	   46	   43	   44	   41	   35	   37	   42	   49	   46	   41	   35	   42	   41	   45	   33	   35	   32	   45	   41	   41	   38	   36	   41	   38	   34	   39	   56	   41	   38	   37	   37	   45	   45	   38	   37	   46	   34	   38	   34	   47	   32	   46	   39	   36	   39	   26	   33	   28	   33	   51	   49	   37	   41	   37	   36	   33	   36	   41	   34	   42	   34	   37	   38	   44	   26	   23	   29	   25	   35	   35	   29	   39	   34	   24	   32	   31	   28	   36	   27	   38	   28	   34	   30	   30	   32	   32	   23	   23	   23	   33	   26	   30	   31	   18	   27	   29	   18	   27	   22	   27	   21	   20	   23	   15	   15	   23	    9	   20	   13	   13	   11	   14	   17	   14	   12	   14	   12	    9	    6	    9	    7	    4	    6	    5	    2	    3	    2	    0	    0
    0	    2	    4	   10	    9	    8	   14	   17	   17	   23	   17	   31	   27	   29	   20	   36	   37	   35	   35	   38	   45	   31	   43	   48	   36	   49	   48	   50	   56	   44	   42	   51	   57	   51	   54	   59	   52	   60	   64	   56	   61	   46	   53	   46	   52	   44	   48	   68	   43	   53	   45	   56	   65	   56	   56	   62	   58	   36	   63	   59	   72	   51	   37	   41	   58	   56	   55	   59	   51	   68	   59	   47	   61	   47	   64	   49	   60	   53	   60	   48	   48	   59	   53	   55	   66	   46	   51	   62	   48	   52	   56	   53	   62	   48	   52	   43	   61	   45	   54	   45	   51	   62	   54	   45	   47	   58	   51	   44	   60	   61	   40	   43	   56	   40	   47	   41	   52	   43	   44	   43	   44	   48	   36	   49	   53	   47	   40	   56	   55	   46	   41	   40	   46	   33	   40	   39	   40	   33	   41	   33	   36	   37	   40	   33	   42	   42	   30	   39	   36	   41	   42	   51	   36	   42	   44	   29	   40	   30	   41	   27	   43	   31	   34	   39	   35	   38	   47	   45	   28	   34	   36	   33	   35	   41	   27	   36	   35	   37	   32	   43	   32	   35	   43	   38	   39	   38	   38	   35	   24	   36	   32	   28	   36	   32	   23	   29	   21	   28	   28	   22	   29	   31	   22	   30	   32	   24	   35	   32	   36	   32	   31	   29	   32	   31	   26	   24	   33	   23	   22	   18	   24	   27	   35	   29	   30	   35	   37	   26	   27	   28	   21	   24	   20	   16	   25	   29	   30	   33	   23	   27	   25	   22	   14	   26	   23	   24	   17	   22	   22	   21	   28	   14	   22	   20	   24	   23	   22	   28	   23	   17	   19	   27	   22	   18	   21	   26	   25	   22	   28	   19	   10	   15	   21	   20	   16	   21	   24	   21	   18	   13	   25	   20	   15	   19	   17	   16	   23	   17	   23	   18	   24	   18	   22	   13	   18	   20	    9	   18	   19	   20	   15	   17	   21	   19	   16	   25	   26	   23	   18	   20	   18	   25	   21	   17	   12	   16	   19	   18	   18	   14	   14	   20	   11	   10	   22	   15	   11	   14	   22	   19	   16	   16	   20	   24	   14	   13	   19	   14	   24	   13	   18	   22	   23	   11	   23	   14	   17	   13	    7	   12	   21	   17	   11	   13	   10	    7	    8	   16	   14	   17	   12	   13	   21	   15	   13	   14	   10	    9	   15	   12	   14	   11	   15	   13	   13	   11	   15	   14	   18	    5	   13	    7	   16	    8	   10	    8	   12	   13	   11	    9	   19	   14	   11	   15	   11	   13	   12	   21	    9	   19	   12	   16	   15	    9	   10	   11	    9	    9	   14	    9	   16	   10	   13	   12	    9	    6	    8	   19	   10	   18	    8	   11	   13	   10	   15	    9	   10	   12	   12	    9	   10	    7	   19	   19	    8	   11	   14	   10	    8	   20	   15	    9	   12	   13	    7	   15	   14	   11	    7	   13	   11	   17	   20	   16	    9	   12	   10	    9	   12	   13	    4	   11	   15	    8	   13	   13	   10	   10	   13	   12	    9	   11	   15	    6	   13	   10	    7	   10	   10	   13	   17	   10	    6	   13	   12	   14	   14	   10	   15	   11	   13	    6	   13	    9	   17	   14	    9	   10	    8	    3	   12	    4	    6	    9	   15	   10	    9	   12	   11	    9	    5	   17	   14	   11	   12	    9	   11	   12	   10	   13	   15	    4	    8	   13	   14	   12	    7	   19	   11	   11	   13	   10	   20	   14	   12	   10	   13	    8	   10	    9	   19	   11	   12	   12	    9	   11	    7	    9	   11	    5	   10	   12	    8	   13	    7	    8	   13	   15	    9	   13	   11	   12	   12	   11	   10	   12	    8	    9	   16	   17	    9	    9	   12	    8	   10	   15	   12	    8	   15	    8	    7	   16	   10	   14	   10	   14	    7	    7	   11	   13	   16	    5	   15	   13	   11	   19	   17	   13	    5	   18	   10	   13	   13	   15	   10	    7	   16	   15	   19	   20	   16	   14	   12	   13	    8	   14	   14	   10	    7	    8	   12	   16	   15	   15	   15	   13	   17	   15	   18	   22	    7	   12	   16	   14	   14	   10	   19	   17	    8	   15	   17	   19	   20	   17	   15	   20	   12	   11	   16	   15	   11	   12	   12	    9	   18	   12	   14	   18	   13	   21	   14	   17	   10	   13	   13	   12	    8	   18	   21	   14	   15	   17	   12	   12	   11	   19	   24	   19	   14	   24	   15	   11	   12	   26	   25	   12	   18	   16	   21	   14	   23	   18	   17	   21	    8	   20	   22	   32	    9	   14	   13	   26	   22	   13	   16	   11	   19	   23	   19	   17	   13	   24	   22	   11	   20	   26	   20	   23	   12	   21	   23	   16	   17	   14	   14	   24	   16	   31	   27	   15	   21	   23	   25	   26	   15	   29	   24	   22	   22	   25	   22	   21	   27	   21	   21	   32	   23	   21	   28	   20	   35	   22	   20	   29	   24	   19	   21	   23	   20	   26	   22	   33	   34	   21	   31	   19	   27	   19	   19	   28	   35	   29	   27	   29	   23	   16	   31	   26	   32	   19	   20	   22	   34	   31	   36	   18	   34	   29	   34	   40	   25	   32	   31	   36	   30	   30	   20	   34	   31	   32	   16	   25	   20	   34	   30	   20	   30	   31	   41	   23	   33	   23	   27	   46	   23	   41	   35	   27	   35	   32	   32	   44	   32	   34	   34	   33	   35	   35	   38	   45	   40	   42	   39	   37	   27	   44	   42	   37	   28	   41	   34	   31	   28	   41	   42	   28	   39	   32	   37	   38	   38	   41	   44	   50	   30	   41	   47	   35	   48	   43	   37	   41	   37	   45	   44	   52	   32	   41	   40	   38	   39	   56	   47	   36	   45	   45	   41	   51	   66	   45	   52	   45	   43	   45	   54	   43	   47	   45	   55	   36	   37	   41	   45	   45	   49	   52	   44	   42	   55	   59	   53	   47	   59	   42	   58	   51	   44	   53	   45	   56	   49	   56	   58	   54	   43	   49	   56	   51	   50	   52	   45	   51	   60	   64	   60	   57	   54	   60	   62	   61	   43	   73	   58	   49	   50	   60	   56	   67	   41	   61	   49	   59	   62	   46	   47	   38	   48	   67	   77	   58	   74	   49	   56	   53	   64	   53	   35	   56	   56	   45	   46	   49	   43	   46	   48	   33	   45	   62	   44	   42	   34	   46	   48	   42	   39	   42	   51	   29	   32	   30	   39	   29	   37	   25	   22	   22	   28	   27	   19	   19	   20	   19	   16	   10	   11	    6	    8	    6	    2	    0
    6	    9	   22	   20	   25	   38	   41	   51	   49	   63	   49	   76	   53	   75	   73	   93	   70	   78	   78	   67	   64	   74	   69	   86	   84	   81	   83	   81	   84	   83	   92	   68	   96	   93	   83	   90	   77	   90	   80	   94	   86	   80	   67	   85	   94	   86	   81	  105	   80	   94	   76	   89	   95	   74	   80	   87	   84	   72	   73	   77	   81	   82	   76	   75	   84	   84	   65	   57	   74	   77	   66	   80	   87	   87	   79	   70	   70	   54	   68	   62	   59	   56	   62	   66	   79	   71	   50	   64	   72	   65	   59	   60	   65	   57	   88	   47	   73	   57	   54	   54	   57	   62	   64	   64	   68	   61	   52	   53	   64	   58	   49	   46	   46	   63	   52	   38	   51	   39	   48	   43	   48	   39	   44	   52	   50	   47	   33	   38	   47	   42	   50	   53	   49	   50	   41	   45	   47	   46	   50	   39	   38	   42	   46	   34	   30	   34	   35	   45	   32	   36	   39	   45	   43	   36	   37	   43	   36	   36	   37	   37	   34	   39	   30	   32	   30	   28	   33	   41	   20	   30	   46	   27	   27	   46	   32	   37	   28	   40	   30	   27	   26	   20	   29	   39	   30	   32	   38	   21	   30	   24	   25	   26	   24	   21	   25	   32	   22	   26	   33	   36	   19	   26	   27	   27	   25	   16	   25	   13	   19	   25	   17	   25	   24	   25	   21	   26	   28	   23	   19	   27	   16	   16	   26	   17	   21	   27	   20	    6	   14	   20	   24	   15	   18	   20	   18	   16	   23	   16	   13	   23	   11	   20	   12	   13	   18	   16	   17	   11	   25	   14	    7	   14	   16	   14	   15	   10	    8	   15	   12	   13	   10	   10	   18	   20	   18	   18	   13	   11	   16	   15	   15	   13	   12	   14	   10	   16	   10	   15	   15	   12	   15	   14	   14	   11	   13	   11	   10	   11	    7	    8	   11	   12	   12	   14	    9	    8	   16	    9	   11	    7	   13	    7	   13	    8	    4	    8	    7	   11	    7	   12	    9	    8	   11	    2	    6	   11	    9	    3	   13	   10	   12	   12	    9	    9	    8	   12	    5	    3	    8	    6	    5	   12	    4	    6	    4	    5	    6	    6	    7	    3	    7	    8	    9	   14	    5	    9	    8	    8	    7	    2	    2	   10	    5	    4	    4	    7	    4	    4	    4	    5	    2	    7	    8	    4	    4	    5	    7	    4	    7	    7	    7	    5	    7	    2	    5	    2	    6	    7	    6	    1	    7	    3	    5	    3	    9	    8	    3	    4	    3	    3	    4	    2	    0	    6	    2	    3	    3	    4	    5	    2	    5	    3	    1	    2	    1	    1	    4	    6	    3	    2	    3	    5	    5	    5	    4	    3	    2	    3	   10	    3	    2	    2	    1	    3	    3	    4	    0	    5	    2	    4	    8	    2	    4	    4	    3	    7	    4	    4	    2	    5	    2	    5	    4	    3	    1	    4	    3	    4	    6	    1	    2	    2	    2	    5	    3	    3	    1	    1	    5	    2	    5	    4	    1	    2	    1	    2	    3	    4	    1	    2	    4	    4	    1	    2	    4	    3	    4	    3	    5	    3	    2	    3	    5	    4	    6	    3	    3	    1	    3	    3	    3	    3	    7	    3	    5	    0	    7	    3	    2	    6	    4	    1	    2	    5	    3	    1	    4	    1	    2	    3	    1	    4	    5	    0	    1	    4	    2	    5	    4	    2	    4	    2	    1	    5	    0	    5	    3	    2	    3	    6	    3	    1	    4	    3	    3	    3	    2	    5	    1	    1	    4	    4	    3	    1	    4	    3	    3	    3	    3	    4	    4	    2	    2	    4	    3	    3	    3	    6	    1	    0	    4	    0	    4	    6	    5	    3	    2	    3	    5	    1	    4	    3	    3	    7	    3	    2	    7	    3	    1	    3	    3	    2	    1	    3	    4	    4	    3	    6	    7	    4	    5	    4	    5	    8	    5	    4	    4	    4	    2	    5	    2	    3	    4	    2	    3	    4	    6	    5	    2	    4	    4	    3	    6	    2	    3	    2	    5	    5	    3	    6	    3	    7	   10	    3	    6	    6	    1	    1	    7	    4	    7	    7	   14	    4	    8	    8	    5	    7	    3	    3	    7	    4	    4	    6	    4	    8	    7	    5	    5	    9	    4	    5	    5	    7	    2	    5	    6	    5	    5	    3	    5	    4	    7	    6	    6	    5	    3	    8	    7	    7	    8	    8	    9	    6	   15	    5	   12	    8	   12	   11	    9	   16	    8	    6	    8	    9	    4	    6	    9	    8	   16	    7	   17	   10	   10	    7	    8	   11	   11	   16	   10	   16	   11	   16	   14	    8	   11	    7	    8	   17	   14	   10	   13	    8	   13	    9	   11	   11	   12	   11	   14	   18	   11	   10	   13	   13	   14	   15	   17	   12	   14	    7	   16	   14	   14	   20	   15	   14	   12	   12	   16	   11	   16	   20	   15	   25	   12	   15	   21	   13	   12	   12	    9	   13	   14	   22	   16	   17	   19	   15	   13	   13	   18	   16	   22	   14	   14	   18	   16	   19	   19	   21	   21	   23	   23	   23	   22	   19	   16	   24	   22	   18	   25	   23	   17	   20	   27	   21	   14	   19	   24	   23	   19	   16	   20	   27	   26	   20	   24	   20	   26	   17	   20	   33	   22	   28	   35	   21	   30	   29	   34	   25	   29	   23	   28	   30	   21	   21	   28	   33	   30	   26	   22	   31	   23	   21	   39	   27	   35	   33	   34	   32	   30	   36	   31	   37	   22	   39	   38	   44	   42	   33	   32	   40	   26	   37	   37	   36	   36	   35	   48	   42	   38	   32	   32	   53	   30	   43	   45	   42	   28	   40	   32	   43	   47	   46	   43	   43	   42	   46	   48	   57	   40	   41	   38	   58	   51	   47	   54	   56	   39	   45	   47	   51	   51	   47	   55	   53	   41	   61	   55	   52	   55	   54	   49	   52	   54	   54	   52	   60	   74	   75	   54	   71	   61	   75	   56	   66	   45	   74	   70	   55	   61	   58	   50	   78	   58	   57	   59	   71	   77	   65	   67	   84	   61	   61	   67	   72	   75	   77	   68	   69	   67	   81	   90	   82	   90	   78	   77	   76	   80	   83	   63	   82	   87	   78	   76	   78	   83	   92	   80	   86	   79	   84	   84	   82	   85	   72	   80	   78	   84	   74	   90	   91	   98	   91	   90	   99	   85	   76	   88	   82	   84	   81	   72	   71	   69	   91	   78	   57	   82	   72	   71	   78	   62	   65	   42	   67	   55	   66	   55	   48	   45	   32	   30	   21	   23	    9	   11	    4
